moveL_pose_0 = [0.2;0.2;0.2; 1;0;0];

helix_pose_0_A = [1.4372    0.9978    0.2426   -0.6268   -0.4044    0.6660]';
helix_pose_0_B = [ -2.1188    1.0499   -1.5865    0.2365    0.4065   -0.8825]';