moveL_pose_0 = [0.2;0.2;0.2; 1;0;0];
helix_pose_0 = [0.7013    1.8369   -0.6936  0.3884   -0.6435   -0.2061]';