moveL_optimized = [1.7652    1.9297   -0.2463   -6.2103   -0.0094    0.0115]';
helix_optimized = [-0.19328340028517898563364951769472, 0.15472249611146848824461130789132, -4.4200684503758260746053565526381, 1716.7136288001620414434000849724, 1277.3946329562686514691449701786, -1143.6160441060003449820214882493]';