
helix_optimized_A = [-0.36222432796233872132063424942316, 0.13234516244062582979168496422062, 1.6222193194229375112769275801838, -0.39420822804408417461274893867085, -0.37212355943958697057638573824079, 0.11925085846163549496701250518527]';
helix_optimized_B = [-0.32234165156745753222367056878284, -0.07601136758157239770028468228702, -4.5915868235449970313766243634745, 0.40820120576306440085545546025969, 0.39483359444095411650010873927386, 0.10141795134374378961616969263559]';
