% moveL_pose_0 = [0.2;0.2;0.2; 1;0;0];
helix_pose_0_A = [0.1453    0.9265   -0.2172    0.4074    0.1676   -1.2581]';
helix_pose_0_B = [0.1496    0.2875   -0.5272    0.3878   -0.7243    0.5701]';