moveL_optimized = [0.1495    0.0042    0.0024    1.0055    0.0014    0.0035]';
helix_optimized = [0.0491    0.7073   -0.7461   -0.0180    0.1960   -2.1002]';