% moveL_optimized = [0.1495    0.0042    0.0024    1.0055    0.0014    0.0035]';
helix_optimized_A = [-0.044900215355965174268693118619922, 0.70963789211686045810267842171015, -0.74814512151796785932589273215854, -0.01906805386464786866707044055147, 0.84309515616797392478787287473097, -1.3510653424036940251085070485715]';
helix_optimized_B = [0.25490988026670768906711828094558, 0.66115855936855427721354772074847, -0.72433947427495204429703790083295, 0.45619287925395501925862618008978, -0.56108725495935929394875074649462, 0.21945067029330500574246798350941]';
